15 06 2025 302.9
302.9℃
15 06 2025 305.9
305.9℃
15 06 2025 206.1
206.1℃
15 06 2025 432.2
432.2℃
15 06 2025 321.6
321.6℃
15 06 2025 448.9
448.9℃
15 06 2025 242.9
242.9℃
15 06 2025 180.4
180.4℃
15 06 2025 224.2
224.2℃
15 06 2025 310.7
310.7℃
15 06 2025 206.4
206.4℃
15 06 2025 443.9
443.9℃
15 06 2025 185
185.0℃
15 06 2025 162
162.0℃
15 06 2025 405
405.0℃
17 06 2025 -200
-200.0℃
17 06 2025 -200
-200.0℃
17 06 2025 -200
-200.0℃
17 06 2025 -200
-200.0℃
17 06 2025 -200
-200.0℃
17 06 2025 -200
-200.0℃
17 06 2025 -200
-200.0℃
17 06 2025 -200
-200.0℃
17 06 2025 -200
-200.0℃
17 06 2025 -200
-200.0℃
17 06 2025 -200
-200.0℃
17 06 2025 -200
-200.0℃
17 06 2025 -200
-200.0℃
17 06 2025 -200
-200.0℃
17 06 2025 -200
-200.0℃
17 06 2025 -200
-200.0℃
17 06 2025 -200
-200.0℃
17 06 2025 -200
-200.0℃
17 06 2025 -200
-200.0℃
17 06 2025 -200
-200.0℃
17 06 2025 -200
-200.0℃
17 06 2025 -200
-200.0℃
17 06 2025 -200
-200.0℃
17 06 2025 -200
-200.0℃
17 06 2025 -200
-200.0℃
17 06 2025 -200
-200.0℃
17 06 2025 -200
-200.0℃
17 06 2025 -200
-200.0℃
17 06 2025 -200
-200.0℃
17 06 2025 -200
-200.0℃
17 06 2025 -200
-200.0℃
17 06 2025 -200
-200.0℃
17 06 2025 -200
-200.0℃
17 06 2025 -200
-200.0℃
17 06 2025 -200
-200.0℃
17 06 2025 -200
-200.0℃
17 06 2025 -200
-200.0℃
17 06 2025 -200
-200.0℃
17 06 2025 -200
-200.0℃
17 06 2025 -200
-200.0℃
17 06 2025 -200
-200.0℃
17 06 2025 -200
-200.0℃
17 06 2025 -200
-200.0℃
17 06 2025 -200
-200.0℃
17 06 2025 -200
-200.0℃
17 06 2025 -200
-200.0℃
17 06 2025 -200
-200.0℃
17 06 2025 -200
-200.0℃
17 06 2025 -200
-200.0℃
17 06 2025 -200
-200.0℃
17 06 2025 -200
-200.0℃
17 06 2025 -200
-200.0℃
17 06 2025 -200
-200.0℃
17 06 2025 -200
-200.0℃
17 06 2025 -200
-200.0℃
17 06 2025 -200
-200.0℃
17 06 2025 -200
-200.0℃
17 06 2025 -200
-200.0℃
17 06 2025 -200
-200.0℃
17 06 2025 -200
-200.0℃
17 06 2025 -200
-200.0℃
17 06 2025 -200
-200.0℃
17 06 2025 -200
-200.0℃
17 06 2025 -200
-200.0℃
17 06 2025 -200
-200.0℃
17 06 2025 -200
-200.0℃
17 06 2025 -200
-200.0℃
17 06 2025 -200
-200.0℃
17 06 2025 -200
-200.0℃
17 06 2025 -200
-200.0℃
17 06 2025 -200
-200.0℃
17 06 2025 -200
-200.0℃
17 06 2025 -200
-200.0℃
17 06 2025 -200
-200.0℃
17 06 2025 -200
-200.0℃
17 06 2025 -200
-200.0℃
17 06 2025 -200
-200.0℃
17 06 2025 -200
-200.0℃
17 06 2025 -200
-200.0℃
17 06 2025 -200
-200.0℃
17 06 2025 -200
-200.0℃
17 06 2025 -200
-200.0℃
17 06 2025 -200
-200.0℃
17 06 2025 -200
-200.0℃
17 06 2025 -200
-200.0℃
17 06 2025 -200
-200.0℃
17 06 2025 -200
-200.0℃
17 06 2025 -200
-200.0℃
17 06 2025 -200
-200.0℃
17 06 2025 -200
-200.0℃
17 06 2025 -200
-200.0℃
17 06 2025 -200
-200.0℃
17 06 2025 -200
-200.0℃
17 06 2025 -200
-200.0℃
17 06 2025 -200
-200.0℃
17 06 2025 -200
-200.0℃
17 06 2025 -200
-200.0℃
17 06 2025 -200
-200.0℃
17 06 2025 -200
-200.0℃
17 06 2025 -200
-200.0℃
17 06 2025 -200
-200.0℃
17 06 2025 -200
-200.0℃
17 06 2025 -200
-200.0℃
17 06 2025 -200
-200.0℃
17 06 2025 -200
-200.0℃
17 06 2025 -200
-200.0℃
17 06 2025 -200
-200.0℃
17 06 2025 -200
-200.0℃
17 06 2025 -200
-200.0℃
17 06 2025 -200
-200.0℃
17 06 2025 -200
-200.0℃
17 06 2025 -200
-200.0℃
17 06 2025 -200
-200.0℃
17 06 2025 -200
-200.0℃
17 06 2025 -200
-200.0℃
17 06 2025 -200
-200.0℃
17 06 2025 -200
-200.0℃
17 06 2025 -200
-200.0℃
17 06 2025 -200
-200.0℃
17 06 2025 -200
-200.0℃
17 06 2025 -200
-200.0℃
17 06 2025 -200
-200.0℃
17 06 2025 -200
-200.0℃
17 06 2025 -200
-200.0℃
17 06 2025 -200
-200.0℃
17 06 2025 -200
-200.0℃
17 06 2025 -200
-200.0℃
17 06 2025 -200
-200.0℃
17 06 2025 -200
-200.0℃
17 06 2025 -200
-200.0℃
17 06 2025 -200
-200.0℃
17 06 2025 -200
-200.0℃
17 06 2025 -200
-200.0℃
17 06 2025 -200
-200.0℃
17 06 2025 -200
-200.0℃
17 06 2025 -200
-200.0℃
17 06 2025 -200
-200.0℃
17 06 2025 -200
-200.0℃
17 06 2025 -200
-200.0℃
17 06 2025 -200
-200.0℃
17 06 2025 -200
-200.0℃
17 06 2025 -200
-200.0℃
18 06 2025 -200
-200.0℃
18 06 2025 -200
-200.0℃
18 06 2025 -200
-200.0℃
18 06 2025 -200
-200.0℃
18 06 2025 -200
-200.0℃
18 06 2025 -200
-200.0℃
18 06 2025 -200
-200.0℃
18 06 2025 -200
-200.0℃
18 06 2025 -200
-200.0℃
18 06 2025 -200
-200.0℃
18 06 2025 -200
-200.0℃
18 06 2025 -200
-200.0℃
18 06 2025 -200
-200.0℃
18 06 2025 -200
-200.0℃
18 06 2025 -200
-200.0℃
18 06 2025 -200
-200.0℃
18 06 2025 -200
-200.0℃
18 06 2025 -200
-200.0℃
18 06 2025 -200
-200.0℃
18 06 2025 -200
-200.0℃
18 06 2025 -200
-200.0℃
18 06 2025 -200
-200.0℃
18 06 2025 -200
-200.0℃
18 06 2025 -200
-200.0℃
18 06 2025 -200
-200.0℃
18 06 2025 -200
-200.0℃
18 06 2025 -200
-200.0℃
18 06 2025 -200
-200.0℃
18 06 2025 -200
-200.0℃
18 06 2025 -200
-200.0℃
18 06 2025 -200
-200.0℃
18 06 2025 -200
-200.0℃
18 06 2025 -200
-200.0℃
18 06 2025 -200
-200.0℃
18 06 2025 -200
-200.0℃
18 06 2025 -200
-200.0℃
18 06 2025 -200
-200.0℃
18 06 2025 -200
-200.0℃
18 06 2025 -200
-200.0℃
18 06 2025 -200
-200.0℃
18 06 2025 -200
-200.0℃
18 06 2025 -200
-200.0℃
18 06 2025 -200
-200.0℃
18 06 2025 -200
-200.0℃
18 06 2025 -200
-200.0℃
18 06 2025 -200
-200.0℃
18 06 2025 -200
-200.0℃
18 06 2025 -200
-200.0℃
18 06 2025 -200
-200.0℃
18 06 2025 -200
-200.0℃
18 06 2025 -200
-200.0℃
18 06 2025 -200
-200.0℃
18 06 2025 -200
-200.0℃
18 06 2025 -200
-200.0℃
18 06 2025 -200
-200.0℃
18 06 2025 -200
-200.0℃
18 06 2025 -200
-200.0℃
18 06 2025 -200
-200.0℃
18 06 2025 -200
-200.0℃
18 06 2025 -200
-200.0℃
18 06 2025 -200
-200.0℃
18 06 2025 -200
-200.0℃
18 06 2025 -200
-200.0℃
18 06 2025 -200
-200.0℃
18 06 2025 -200
-200.0℃
18 06 2025 -200
-200.0℃
18 06 2025 -200
-200.0℃
18 06 2025 -200
-200.0℃
18 06 2025 -200
-200.0℃
18 06 2025 -200
-200.0℃
18 06 2025 -200
-200.0℃
18 06 2025 -200
-200.0℃
18 06 2025 -200
-200.0℃
18 06 2025 -200
-200.0℃
18 06 2025 -200
-200.0℃
18 06 2025 -200
-200.0℃
18 06 2025 -200
-200.0℃
18 06 2025 -200
-200.0℃
18 06 2025 -200
-200.0℃
18 06 2025 -200
-200.0℃
18 06 2025 -200
-200.0℃
18 06 2025 -200
-200.0℃
18 06 2025 -200
-200.0℃
18 06 2025 -200
-200.0℃
18 06 2025 -200
-200.0℃
18 06 2025 -200
-200.0℃
18 06 2025 -200
-200.0℃
18 06 2025 -200
-200.0℃
18 06 2025 -200
-200.0℃
18 06 2025 -200
-200.0℃
18 06 2025 -200
-200.0℃
18 06 2025 -200
-200.0℃
18 06 2025 -200
-200.0℃
18 06 2025 -200
-200.0℃
18 06 2025 -200
-200.0℃
18 06 2025 -200
-200.0℃
18 06 2025 -200
-200.0℃
18 06 2025 -200
-200.0℃
18 06 2025 -200
-200.0℃
18 06 2025 -200
-200.0℃
18 06 2025 -200
-200.0℃
18 06 2025 -200
-200.0℃
18 06 2025 -200
-200.0℃
18 06 2025 -200
-200.0℃
18 06 2025 -200
-200.0℃
18 06 2025 -200
-200.0℃
18 06 2025 -200
-200.0℃
18 06 2025 -200
-200.0℃
18 06 2025 -200
-200.0℃
18 06 2025 -200
-200.0℃
18 06 2025 -200
-200.0℃
18 06 2025 -200
-200.0℃
18 06 2025 -200
-200.0℃
18 06 2025 -200
-200.0℃
18 06 2025 -200
-200.0℃
18 06 2025 -200
-200.0℃
18 06 2025 -200
-200.0℃
18 06 2025 -200
-200.0℃
18 06 2025 -200
-200.0℃
18 06 2025 -200
-200.0℃
18 06 2025 -200
-200.0℃
18 06 2025 -200
-200.0℃
18 06 2025 -200
-200.0℃
18 06 2025 -200
-200.0℃
18 06 2025 -200
-200.0℃
18 06 2025 -200
-200.0℃
18 06 2025 -200
-200.0℃
18 06 2025 -200
-200.0℃
18 06 2025 -200
-200.0℃
18 06 2025 -200
-200.0℃
18 06 2025 -200
-200.0℃
18 06 2025 -200
-200.0℃
18 06 2025 -200
-200.0℃
18 06 2025 -200
-200.0℃
18 06 2025 -200
-200.0℃
18 06 2025 -200
-200.0℃
18 06 2025 -200
-200.0℃
18 06 2025 -200
-200.0℃
18 06 2025 -200
-200.0℃
18 06 2025 -200
-200.0℃
18 06 2025 -200
-200.0℃
18 06 2025 -200
-200.0℃
18 06 2025 -200
-200.0℃
18 06 2025 -200
-200.0℃
18 06 2025 -200
-200.0℃
18 06 2025 -200
-200.0℃
18 06 2025 -200
-200.0℃
18 06 2025 -200
-200.0℃
18 06 2025 -200
-200.0℃
18 06 2025 -200
-200.0℃
18 06 2025 -200
-200.0℃
18 06 2025 -200
-200.0℃
18 06 2025 -200
-200.0℃
18 06 2025 -200
-200.0℃
18 06 2025 -200
-200.0℃
18 06 2025 -200
-200.0℃
18 06 2025 -200
-200.0℃
18 06 2025 -200
-200.0℃
18 06 2025 -200
-200.0℃
18 06 2025 -200
-200.0℃
18 06 2025 -200
-200.0℃
18 06 2025 -200
-200.0℃
18 06 2025 -200
-200.0℃
18 06 2025 -200
-200.0℃
18 06 2025 -200
-200.0℃
18 06 2025 -200
-200.0℃
18 06 2025 -200
-200.0℃
18 06 2025 -200
-200.0℃
18 06 2025 -200
-200.0℃
18 06 2025 -200
-200.0℃
18 06 2025 -200
-200.0℃
18 06 2025 -200
-200.0℃
18 06 2025 -200
-200.0℃
18 06 2025 -200
-200.0℃
18 06 2025 -200
-200.0℃
18 06 2025 -200
-200.0℃
18 06 2025 -200
-200.0℃
18 06 2025 -200
-200.0℃
18 06 2025 -200
-200.0℃
18 06 2025 -200
-200.0℃
18 06 2025 -200
-200.0℃
18 06 2025 -200
-200.0℃
18 06 2025 -200
-200.0℃
18 06 2025 -200
-200.0℃
18 06 2025 -200
-200.0℃
18 06 2025 -200
-200.0℃
18 06 2025 -200
-200.0℃
18 06 2025 -200
-200.0℃
18 06 2025 -200
-200.0℃
18 06 2025 -200
-200.0℃
18 06 2025 -200
-200.0℃
18 06 2025 -200
-200.0℃
18 06 2025 -200
-200.0℃
18 06 2025 -200
-200.0℃
18 06 2025 -200
-200.0℃
18 06 2025 -200
-200.0℃
18 06 2025 -200
-200.0℃
18 06 2025 -200
-200.0℃
18 06 2025 -200
-200.0℃
18 06 2025 -200
-200.0℃
18 06 2025 -200
-200.0℃
18 06 2025 -200
-200.0℃
18 06 2025 -200
-200.0℃
18 06 2025 -200
-200.0℃
18 06 2025 -200
-200.0℃
18 06 2025 -200
-200.0℃
18 06 2025 -200
-200.0℃
21 06 2025 -200
-200.0℃
21 06 2025 -200
-200.0℃
21 06 2025 -200
-200.0℃
21 06 2025 -200
-200.0℃
21 06 2025 -200
-200.0℃
21 06 2025 -200
-200.0℃
21 06 2025 -200
-200.0℃
21 06 2025 -200
-200.0℃
21 06 2025 -200
-200.0℃
21 06 2025 -200
-200.0℃
21 06 2025 -200
-200.0℃
21 06 2025 -200
-200.0℃
21 06 2025 -200
-200.0℃
21 06 2025 -200
-200.0℃
21 06 2025 -200
-200.0℃
21 06 2025 -200
-200.0℃
21 06 2025 -200
-200.0℃
21 06 2025 -200
-200.0℃
21 06 2025 -200
-200.0℃
21 06 2025 -200
-200.0℃
21 06 2025 -200
-200.0℃
21 06 2025 -200
-200.0℃
21 06 2025 -200
-200.0℃
21 06 2025 -200
-200.0℃
21 06 2025 -200
-200.0℃
21 06 2025 -200
-200.0℃
21 06 2025 -200
-200.0℃
21 06 2025 -200
-200.0℃
21 06 2025 -200
-200.0℃
21 06 2025 -200
-200.0℃
21 06 2025 -200
-200.0℃
21 06 2025 -200
-200.0℃
21 06 2025 -200
-200.0℃
21 06 2025 -200
-200.0℃
21 06 2025 -200
-200.0℃
21 06 2025 -200
-200.0℃
21 06 2025 -200
-200.0℃
21 06 2025 -200
-200.0℃
21 06 2025 -200
-200.0℃
21 06 2025 -200
-200.0℃
21 06 2025 -200
-200.0℃
21 06 2025 -200
-200.0℃
21 06 2025 -200
-200.0℃
21 06 2025 -200
-200.0℃
21 06 2025 -200
-200.0℃
21 06 2025 -200
-200.0℃
21 06 2025 -200
-200.0℃
21 06 2025 -200
-200.0℃
21 06 2025 -200
-200.0℃
21 06 2025 -200
-200.0℃
21 06 2025 -200
-200.0℃
21 06 2025 -200
-200.0℃
21 06 2025 -200
-200.0℃
21 06 2025 -200
-200.0℃
21 06 2025 -200
-200.0℃
21 06 2025 -200
-200.0℃
21 06 2025 -200
-200.0℃
21 06 2025 -200
-200.0℃
21 06 2025 -200
-200.0℃
21 06 2025 -200
-200.0℃
21 06 2025 -200
-200.0℃
21 06 2025 -200
-200.0℃
21 06 2025 -200
-200.0℃
21 06 2025 -200
-200.0℃
21 06 2025 -200
-200.0℃
21 06 2025 -200
-200.0℃
21 06 2025 -200
-200.0℃
21 06 2025 -200
-200.0℃
21 06 2025 -200
-200.0℃
21 06 2025 -200
-200.0℃
21 06 2025 -200
-200.0℃
21 06 2025 -200
-200.0℃
21 06 2025 -200
-200.0℃
21 06 2025 -200
-200.0℃
21 06 2025 -200
-200.0℃
21 06 2025 -200
-200.0℃
