15 05 2025 235.3
235.3℃
15 05 2025 182.1
182.1℃
15 05 2025 345
345.0℃
15 05 2025 320.5
320.5℃
15 05 2025 340
340.0℃
15 05 2025 352.4
352.4℃
15 05 2025 415.7
415.7℃
15 05 2025 325
325.0℃
15 05 2025 414.6
414.6℃
15 05 2025 275.8
275.8℃
15 05 2025 323.4
323.4℃
15 05 2025 227.2
227.2℃
15 05 2025 172.6
172.6℃
15 05 2025 433.9
433.9℃
15 05 2025 202.6
202.6℃
19 05 2025 350.5
350.5℃
19 05 2025 424.6
424.6℃
19 05 2025 192.8
192.8℃
19 05 2025 195.7
195.7℃
19 05 2025 193.4
193.4℃
19 05 2025 425
425.0℃
19 05 2025 446
446.0℃
19 05 2025 431.6
431.6℃
19 05 2025 227.4
227.4℃
19 05 2025 307.6
307.6℃
19 05 2025 166.5
166.5℃
19 05 2025 212.9
212.9℃
19 05 2025 249.7
249.7℃
19 05 2025 194.4
194.4℃
19 05 2025 201.6
201.6℃
19 05 2025 322.3
322.3℃
19 05 2025 231.4
231.4℃
19 05 2025 166.5
166.5℃
19 05 2025 281.3
281.3℃
19 05 2025 163.9
163.9℃
19 05 2025 169.3
169.3℃
19 05 2025 275.2
275.2℃
19 05 2025 439.5
439.5℃
19 05 2025 158.1
158.1℃
19 05 2025 396.5
396.5℃
19 05 2025 268.7
268.7℃
19 05 2025 392.4
392.4℃
19 05 2025 174.4
174.4℃
19 05 2025 169.1
169.1℃
19 05 2025 258.5
258.5℃
19 05 2025 391
391.0℃
19 05 2025 279.4
279.4℃
19 05 2025 270.6
270.6℃
19 05 2025 205.9
205.9℃
19 05 2025 200.8
200.8℃
19 05 2025 406.9
406.9℃
19 05 2025 417.4
417.4℃
19 05 2025 240.8
240.8℃
19 05 2025 167.8
167.8℃
19 05 2025 442.9
442.9℃
19 05 2025 222.4
222.4℃
19 05 2025 198.6
198.6℃
19 05 2025 440.7
440.7℃
19 05 2025 225.3
225.3℃
19 05 2025 349.1
349.1℃
19 05 2025 255.3
255.3℃
19 05 2025 355.4
355.4℃
19 05 2025 417.2
417.2℃
19 05 2025 276.3
276.3℃
19 05 2025 327.1
327.1℃
19 05 2025 268.9
268.9℃
19 05 2025 387.4
387.4℃
19 05 2025 256.5
256.5℃
19 05 2025 353.8
353.8℃
19 05 2025 171.7
171.7℃
19 05 2025 294.8
294.8℃
19 05 2025 154.2
154.2℃
19 05 2025 354.9
354.9℃
19 05 2025 179.9
179.9℃
19 05 2025 275.4
275.4℃
19 05 2025 297.5
297.5℃
19 05 2025 258.2
258.2℃
19 05 2025 241.6
241.6℃
19 05 2025 405.9
405.9℃
19 05 2025 334.5
334.5℃
19 05 2025 288.2
288.2℃
19 05 2025 169.2
169.2℃
19 05 2025 175.2
175.2℃
19 05 2025 336.7
336.7℃
19 05 2025 204.5
204.5℃
19 05 2025 318.7
318.7℃
19 05 2025 239.5
239.5℃
19 05 2025 398.6
398.6℃
19 05 2025 275.8
275.8℃
19 05 2025 373.9
373.9℃
19 05 2025 395.9
395.9℃
19 05 2025 347.3
347.3℃
19 05 2025 276.4
276.4℃
19 05 2025 353
353.0℃
19 05 2025 305.1
305.1℃
19 05 2025 205.5
205.5℃
19 05 2025 355.7
355.7℃
19 05 2025 262
262.0℃
19 05 2025 314.6
314.6℃
19 05 2025 278.8
278.8℃
19 05 2025 329.9
329.9℃
19 05 2025 445.3
445.3℃
19 05 2025 436
436.0℃
19 05 2025 398.6
398.6℃
19 05 2025 418.4
418.4℃
19 05 2025 410.2
410.2℃
19 05 2025 167.1
167.1℃
19 05 2025 328.7
328.7℃
19 05 2025 219.4
219.4℃
19 05 2025 270.8
270.8℃
19 05 2025 284.4
284.4℃
19 05 2025 405.1
405.1℃
19 05 2025 217.7
217.7℃
19 05 2025 328.5
328.5℃
19 05 2025 271
271.0℃
19 05 2025 197.7
197.7℃
19 05 2025 443.3
443.3℃
19 05 2025 402
402.0℃
19 05 2025 376.4
376.4℃
19 05 2025 235.3
235.3℃
19 05 2025 221.6
221.6℃
19 05 2025 347.3
347.3℃
19 05 2025 159.9
159.9℃
19 05 2025 342
342.0℃
19 05 2025 349.8
349.8℃
19 05 2025 151.3
151.3℃
19 05 2025 403.3
403.3℃
19 05 2025 269.5
269.5℃
19 05 2025 381
381.0℃
19 05 2025 283.1
283.1℃
19 05 2025 323.9
323.9℃
19 05 2025 394
394.0℃
19 05 2025 350.1
350.1℃
19 05 2025 155.3
155.3℃
19 05 2025 358.5
358.5℃
19 05 2025 429.1
429.1℃
19 05 2025 296.1
296.1℃
19 05 2025 376.6
376.6℃
19 05 2025 291.7
291.7℃
19 05 2025 179.4
179.4℃
19 05 2025 358.4
358.4℃
19 05 2025 171.6
171.6℃
19 05 2025 153.1
153.1℃
19 05 2025 339.2
339.2℃
19 05 2025 264.9
264.9℃
19 05 2025 441.3
441.3℃
19 05 2025 226.7
226.7℃
19 05 2025 292.5
292.5℃
19 05 2025 240.4
240.4℃
19 05 2025 263.5
263.5℃
19 05 2025 443.1
443.1℃
19 05 2025 215.3
215.3℃
19 05 2025 218.2
218.2℃
19 05 2025 337.8
337.8℃
19 05 2025 381.3
381.3℃
19 05 2025 313.2
313.2℃
19 05 2025 413.9
413.9℃
19 05 2025 281.4
281.4℃
19 05 2025 416.7
416.7℃
19 05 2025 197.1
197.1℃
19 05 2025 317.9
317.9℃
19 05 2025 315.3
315.3℃
